0
0
0
0
0
0
0
0
0
0
0
0
0
0
0
0
0
0
0
0
0
0
0
0
0
0
0
0
0
0
0
0
0
0
0
0
0
0
0
0
0
0
0
0
0
0
0
0
0
0
0
0
0
0
0
0
0
0
0
0
0
0
0
0
0
0
0
0
0
0
0
0
0
0
0
0
0
0
0
0
0
0
0
0
0
0
0
0
0
0
0
0
0
0
0
0
0
0
0
0
0
0
0
0
0
0
0
0
0
0
0
0
0
0
0
0
0
0
0
0
0
0
0
0
0
0
0
0
0
0
0
0
0
0
0
0
0
0
0
0
0
0
0
0
0
0
0
0
0
0
0
0
0
0
0
0
0
0
0
0
0
0
0
0
0
0
0
0
0
0
0
0
0
0
0
0
0
0
0
0
0
0
0
0
0
0
0
0
0
0
0
0
0
0
0
0
0
0
0
0
0
0
0
0
0
0
0
0
0
0
0
0
0
0
0
0
0
0
0
0
0
0
0
0
0
0
0
0
0
0
0
0
0
0
0
0
0
0
0
0
0
0
0
0
0
0
0
0
0
0
0
0
0
0
0
0
0
0
0
0
0
0
0
0
0
0
0
0
0
0
0
0
0
0
0
0
0
0
0
0
0
0
0
0
0
0
0
0
0
0
0
0
0
0
0
0
0
0
0
0
0
0
0
0
0
0
0
0
0
0
0
0
0
0
0
0
0
0
0
0
0
0
0
0
0
0
0
0
0
0
0
0
0
0
0
0
0
0
0
0
0
0
0
0
0
0
0
0
0
0
0
0
0
0
0
0
0
0
0
0
0
0
0
0
0
0
0
0
0
0
0
0
0
0
0
0
0
0
0
0
0
0
0
0
0
0
0
0
0
0
0
0
0
0
0
0
0
0
0
0
0
0
0
0
0
0
0
0
0
0
0
0
0
0
0
0
0
0
0
0
0
0
0
0
0
0
0
0
0
0
0
0
0
0
0
0
0
0
0
0
0
0
0
0
0
0
0
0
0
0
0
0
0
0
0
0
0
0
0
0
0
0
0
0
0
0
0
0
0
0
0
0
0
0
0
0
0
0
0
0
0
0
0
0
0
0
0
0
0
0
0
0
0
0
0
0
0
0
0
0
0
0
0
0
0
0
0
0
0
0
0
0
0
0
0
0
0
0
0
0
0
0
0
0
0
0
0
0
0
0
0
0
0
0
0
0
0
0
0
0
0
0
0
0
0
0
0
0
0
0
0
0
0
0
0
0
0
0
0
0
0
0
0
0
0
0
0
0
0
0
0
0
0
0
0
0
0
0
0
0
0
0
0
0
0
0
0
0
0
0
0
0
0
0
0
0
0
0
0
0
0
0
0
0
0
0
0
0
0
0
0
0
0
0
0
0
0
0
0
0
0
0
0
0
0
0
0
0
0
0
0
0
0
0
0
0
0
0
0
0
0
0
0
0
0
0
0
0
0
0
0
0
0
0
0
0
0
0
0
0
0
0
0
0
0
0
0
0
0
0
0
0
0
0
0
0
0
0
0
0
0
0
0
0
0
0
0
0
0
0
0
0
0
0
0
0
0
0
0
0
0
0
0
0
0
0
0
0
0
0
0
0
0
0
0
0
0
0
0
0
0
0
0
0
0
0
0
0
0
0
0
0
0
0
0
0
0
0
0
0
0
0
0
0
0
0
0
0
0
0
0
0
0
0
0
0
0
0
0
0
0
0
0
0
0
0
0
0
0
0
0
0
0
0
0
0
0
0
0
0
0
0
0
0
0
0
0
0
0
0
0
0
0
0
0
0
0
0
0
0
0
0
0
0
0
0
0
0
0
0
0
0
0
0
0
0
0
0
0
0
0
0
0
0
0
0
0
0
0
0
0
0
0
0
0
0
0
0
0
0
0
0
0
0
0
0
0
0
0
0
0
0
0
0
0
0
0
0
0
0
0
0
0
0
0
0
0
0
0
0
0
0
0
0
0
0
0
0
0
0
0
0
0
0
0
0
0
0
0
0
0
0
0
0
0
0
0
0
0
0
0
0
0
0
0
0
0
0
0
0
0
0
0
0
0
0
0
0
0
0
0
0
0
0
0
0
0
0
0
0
0
0
0
0
0
0
0
0
0
0
0
0
0
0
0
0
0
0
0
0
0
0
0
0
0
0
0
0
0
0
0
0
0
0
0
0
0
0
0
0
0
0
0
0
0
0
0
0
0
0
0
0
0
0
0
0
0
0
0
0
0
0
0
0
0
0
0
0
0
0
0
0
0
0
0
0
0
0
0
0
0
0
0
0
0
0
0
0
0
0
0
0
0
0
0
0
0
0
0
0
0
0
0
0
0
0
0
0
0
0
0
0
0
0
0
0
0
0
0
0
0
0
0
0
0
0
0
0
0
0
0
0
0
0
0
0
0
0
0
0
0
0
0
0
0
0
0
0
0
0
0
0
0
0
0
0
0
0
0
0
0
0
0
0
0
0
0
0
0
0
0
0
0
0
0
0
0
0
0
0
0
0
0
0
0
0
0
0
0
0
0
0
0
0
0
0
0
0
0
0
0
0
0
0
0
0
0
0
0
0
0
0
0
0
0
0
0
0
0
0
0
0
0
0
0
0
0
0
0
0
0
0
0
0
0
0
0
0
0
0
0
0
0
0
0
0
0
0
0
0
0
0
0
0
0
0
0
0
0
0
0
0
0
0
0
0
0
0
0
0
0
0
0
0
0
0
0
0
0
0
0
0
0
0
0
0
0
0
0
0
0
0
0
0
0
0
0
0
0
0
0
0
0
0
0
0
0
0
0
0
0
0
0
0
0
0
0
0
0
0
0
0
0
0
0
0
0
0
0
0
0
0
0
0
0
0
0
0
0
0
0
0
0
0
0
0
0
0
0
0
0
0
0
0
0
0
0
0
0
0
0
0
0
0
0
0
0
0
0
0
0
0
0
0
0
0
0
0
0
0
0
0
0
0
0
0
0
0
0
0
0
0
0
0
0
0
0
0
0
0
0
0
0
0
0
0
0
0
0
0
0
0
0
0
0
0
0
0
0
0
0
0
0
0
0
0
0
0
0
0
0
0
0
0
0
0
0
0
0
0
0
0
0
0
0
0
1
1
1
1
1
2
2
2
2
2
2
3
3
3
3
3
3
4
4
4
4
4
4
5
5
5
5
5
5
6
6
6
6
6
6
7
7
7
7
7
7
8
8
8
8
8
8
9
9
9
9
9
9
10
10
10
10
10
10
11
11
11
11
11
11
12
12
12
12
12
12
13
13
13
13
13
13
14
14
14
14
14
14
15
15
15
15
15
15
16
16
16
16
16
16
17
17
17
17
17
17
18
18
18
18
18
18
19
19
19
19
19
19
20
20
20
20
20
20
21
21
21
21
21
21
22
22
22
22
22
22
23
23
23
23
23
23
24
24
24
24
24
24
25
25
25
25
25
25
26
26
26
26
26
26
27
27
27
27
27
27
28
28
28
28
28
28
29
29
29
29
29
29
30
30
30
30
30
30
31
31
31
31
31
31
32
32
32
32
32
32
33
33
33
33
33
33
34
34
34
34
34
34
35
35
35
35
35
35
36
36
36
36
36
36
37
37
37
37
37
37
38
38
38
38
38
38
39
39
39
39
39
39
40
40
40
40
40
40
41
41
41
41
41
41
42
42
42
42
42
42
43
43
43
43
43
43
44
44
44
44
44
44
45
45
45
45
45
45
46
46
46
46
46
46
47
47
47
47
47
47
48
48
48
48
48
48
49
49
49
49
49
49
50
50
50
50
50
50
51
51
51
51
51
51
52
52
52
52
52
52
53
53
53
53
53
53
54
54
54
54
54
54
55
55
55
55
55
55
56
56
56
56
56
56
57
57
57
57
57
57
58
58
58
58
58
58
59
59
59
59
59
59
60
60
60
60
60
60
61
61
61
61
61
61
62
62
62
62
62
62
63
63
63
63
63
63
64
64
64
64
64
64
65
65
65
65
65
65
66
66
66
66
66
66
67
67
67
67
67
67
68
68
68
68
68
68
69
69
69
69
69
69
70
70
70
70
70
70
71
71
71
71
71
71
72
72
72
72
72
72
73
73
73
73
73
73
73
74
74
74
74
74
74
74
75
75
75
75
75
75
75
76
76
76
76
76
76
77
77
77
77
77
77
77
78
78
78
78
78
78
79
79
79
79
79
79
80
80
80
80
80
80
81
81
81
81
81
81
82
82
82
82
82
82
83
83
83
83
83
83
84
84
84
84
84
84
85
85
85
85
85
85
86
86
86
86
86
86
87
87
87
87
87
87
88
88
88
88
88
88
89
89
89
89
89
89
90
90
90
90
90
90
91
91
91
91
91
91
92
92
92
92
92
92
93
93
93
93
93
93
94
94
94
94
94
94
94
95
95
95
95
95
95
96
96
96
96
96
96
97
97
97
97
97
97
98
98
98
98
98
98
99
99
99
99
99
99
100
100
100
100
100
100
101
101
101
101
101
101
102
102
102
102
102
102
103
103
103
103
103
103
103
104
104
104
104
104
104
105
105
105
105
105
105
106
106
106
106
106
106
107
107
107
107
107
107
108
108
108
108
108
108
109
109
109
109
109
109
110
110
110
110
110
110
111
111
111
111
111
111
111
112
112
112
112
112
112
113
113
113
113
113
113
114
114
114
114
114
114
115
115
115
115
115
115
116
116
116
116
116
116
116
117
117
117
117
117
117
117
118
118
118
118
118
118
119
119
119
119
119
119
120
120
120
120
120
120
121
121
121
121
121
121
122
122
122
122
122
122
123
123
123
123
123
123
124
124
124
124
124
124
124
125
125
125
125
125
125
126
126
126
126
126
126
127
127
127
127
127
127
128
128
128
128
128
128
128
129
129
129
129
129
129
130
130
130
130
130
130
131
131
131
131
131
131
131
132
132
132
132
132
132
132
133
133
133
133
133
133
134
134
134
134
134
134
135
135
135
135
135
135
136
136
136
136
137
137
138
138
138
139
139
139
140
140
140
141
141
141
142
142
142
143
143
143
144
144
144
145
145
145
146
146
146
147
147
147
148
148
148
148
149
149
150
150
150
150
150
151
152
152
152
152
152
153
154
154
154
154
154
155
156
156
156
156
156
157
158
158
158
158
158
159
160
160
160
160
160
161
162
162
162
162
162
163
164
164
164
164
164
165
166
166
166
166
166
167
168
168
168
168
168
169
170
170
170
170
170
171
172
172
172
172
172
173
174
174
174
174
174
175
176
176
176
176
176
177
178
178
178
178
178
179
180
180
180
180
180
181
182
182
182
182
182
183
184
184
184
184
184
185
186
186
186
186
186
187
188
188
188
188
188
189
190
190
190
190
190
191
192
192
192
192
192
193
194
194
194
194
194
195
196
196
196
196
196
197
198
198
198
198
198
199
200
200
200
200
200
201
202
202
202
202
202
203
204
204
204
204
204
205
206
206
206
206
206
207
208
208
208
208
208
209
210
210
210
210
210
211
212
212
212
212
212
213
214
214
214
214
214
215
216
216
216
216
216
217
218
218
218
218
218
219
220
220
220
220
220
221
222
222
222
222
222
223
224
224
224
224
224
225
226
226
226
226
226
227
228
228
228
228
228
229
230
230
230
230
230
231
232
232
232
232
232
233
234
234
234
234
234
235
236
236
236
236
236
237
238
238
238
238
238
239
240
240
240
240
240
241
242
242
242
242
242
243
244
244
244
244
244
245
246
246
246
246
246
247
248
248
248
248
248
249
250
250
250
250
250
251
252
252
252
252
252
253
254
254
254
254
254
255
256
256
256
256
256
257
258
258
258
258
258
259
260
260
260
260
260
261
262
262
262
262
262
263
264
264
264
264
264
265
266
266
266
266
266
267
268
268
268
268
268
269
270
270
270
270
270
271
272
272
272
272
272
273
274
274
274
274
274
275
276
276
276
276
276
277
278
278
278
278
278
279
280
280
280
280
280
281
282
282
282
282
282
283
284
284
284
284
284
285
286
286
286
286
286
287
288
288
288
288
288
289
290
290
290
290
290
291
292
292
292
292
292
293
294
294
294
294
294
295
296
296
296
296
296
297
298
298
298
298
298
299
300
300
300
300
300
301
302
302
302
302
302
303
304
304
304
304
304
305
306
306
306
306
306
307
308
308
308
308
308
309
309
309
309
309
309
310
311
311
311
311
311
312
313
313
313
313
312
313
314
314
314
314
314
315
316
316
316
315
315
316
317
317
317
317
317
318
319
319
319
319
319
320
321
320
320
320
320
321
322
322
322
322
322
323
324
324
324
324
324
325
326
326
326
326
326
327
328
328
328
328
328
329
330
330
330
330
330
331
332
332
332
332
332
333
334
334
334
334
334
335
336
336
336
336
336
337
338
338
338
338
338
339
340
340
340
340
340
341
342
342
342
342
342
343
344
344
344
344
344
345
346
346
346
346
346
347
348
348
348
348
348
349
350
350
350
350
350
351
352
352
352
352
352
353
354
354
354
354
354
355
356
356
356
356
356
357
358
359
359
359
359
360
362
362
362
362
362
363
365
365
365
365
365
366
368
368
368
368
368
369
371
371
371
371
371
372
374
374
374
374
374
375
377
377
377
377
377
378
380
380
380
380
380
381
383
382
382
382
381
382
384
384
384
384
384
385
387
387
386
386
386
387
389
389
389
389
389
390
392
392
392
392
392
393
395
395
395
395
395
396
398
398
398
398
398
399
401
401
401
401
401
402
404
404
404
404
404
405
407
407
407
407
407
408
410
410
410
410
410
411
413
413
412
412
412
413
415
415
415
415
415
416
418
418
418
418
418
419
421
421
421
421
421
422
424
424
424
424
424
425
427
427
427
427
427
428
430
430
430
430
430
431
433
433
433
433
433
434
435
435
435
435
434
435
437
437
437
437
437
438
440
440
440
440
440
441
443
443
443
443
443
444
446
446
446
446
446
447
449
449
449
449
449
449
451
451
451
451
451
452
454
454
454
454
453
453
455
455
455
455
455
456
457
456
456
456
456
457
459
459
459
459
459
460
462
462
462
462
462
463
465
465
465
465
465
465
467
467
467
467
467
468
470
470
470
470
470
471
473
473
473
473
473
474
476
476
476
476
476
477
479
478
478
478
477
478
480
480
480
480
480
481
483
483
483
483
483
484
486
486
486
486
486
486
488
488
488
488
488
489
491
491
491
491
491
492
494
494
493
493
493
493
495
495
495
495
495
496
498
497
497
497
497
498
499
499
499
499
499
500
500
500
498
498
498
499
500
500
500
500
500
501
502
502
502
502
502
503
504
504
504
504
504
505
506
506
506
505
505
506
507
507
507
507
506
506
507
507
507
507
507
508
509
509
509
509
509
510
511
511
511
511
511
512
513
513
513
513
513
514
515
515
515
515
515
516
517
517
517
517
517
518
519
519
519
519
519
520
521
521
521
521
521
522
523
523
523
523
523
524
525
525
525
525
525
526
527
526
526
526
526
527
527
527
527
527
526
527
528
528
528
528
528
529
530
529
529
529
529
530
531
531
531
531
531
532
533
533
533
533
532
533
534
534
534
534
534
535
536
535
535
535
535
536
537
537
537
537
537
537
537
537
537
537
537
538
539
539
538
538
538
539
539
539
539
539
539
540
540
540
540
540
540
541
542
542
541
541
541
542
543
543
543
543
543
544
544
544
544
544
544
545
546
546
546
546
546
547
548
548
548
548
548
549
550
550
550
550
549
549
550
550
550
550
550
551
552
552
552
552
552
552
553
553
553
553
553
554
553
553
553
553
553
553
554
553
552
552
552
553
554
554
554
554
554
553
553
553
553
553
553
553
554
554
553
553
553
553
554
554
554
554
554
555
556
556
556
555
555
556
557
557
557
557
557
558
559
558
557
557
557
558
559
558
558
558
557
558
559
559
559
559
559
560
561
561
561
561
561
562
563
563
563
563
563
564
565
565
565
565
564
565
565
565
565
565
565
566
567
567
567
567
567
568
569
569
569
569
569
570
571
571
571
571
571
572
573
573
573
573
573
574
574
574
574
574
574
575
576
576
576
576
574
575
576
576
576
576
576
577
578
578
578
578
578
579
580
580
580
579
579
580
581
581
581
581
581
582
583
583
583
583
583
584
585
585
585
585
585
584
585
585
584
584
584
584
585
585
585
585
585
586
587
587
587
586
586
587
586
586
586
586
586
586
587
586
586
585
585
586
587
587
587
587
586
587
588
588
588
588
588
589
590
589
588
588
588
589
588
588
588
588
587
588
588
587
587
587
587
588
589
589
589
589
588
589
590
590
590
590
590
591
592
591
590
590
590
591
592
592
592
591
591
591
592
592
592
592
591
592
593
593
593
593
593
594
595
595
595
595
595
596
597
597
596
596
596
597
598
598
598
597
597
598
599
599
599
598
598
599
600
599
599
599
599
600
601
601
600
600
600
601
602
602
602
602
602
603
604
604
604
604
604
605
606
605
605
605
605
605
606
606
604
604
604
605
606
606
606
606
606
607
608
608
608
608
608
609
610
610
609
609
609
610
611
611
611
611
611
612
612
612
612
612
612
612
613
612
612
612
612
613
614
614
614
614
614
615
616
616
616
616
616
617
618
618
616
616
616
617
618
618
618
618
618
619
620
620
620
620
620
621
622
622
622
622
622
623
624
624
624
623
623
624
624
624
624
623
622
623
623
623
623
623
623
624
624
624
624
624
624
624
625
625
625
625
625
626
627
626
626
626
626
627
627
626
626
626
626
627
628
628
628
628
628
630
631
630
630
630
631
632
633
633
633
632
633
634
635
635
635
635
636
636
637
637
636
635
636
637
637
637
637
637
638
639
640
640
638
638
639
640
641
641
641
641
642
643
644
644
643
643
644
645
646
645
644
644
645
646
647
647
647
647
648
649
649
649
649
649
650
648
649
649
648
647
648
649
650
650
650
650
651
652
653
653
653
653
654
655
656
656
656
656
656
657
658
658
658
658
658
659
660
660
660
660
661
662
663
663
663
663
662
663
664
663
663
663
664
665
666
666
666
665
666
666
667
667
666
666
667
668
669
669
668
668
669
669
670
670
670
670
671
671
671
671
671
671
672
671
672
672
672
672
673
673
674
673
673
673
674
673
674
673
673
673
674
674
675
675
675
675
676
676
677
676
676
676
676
676
677
677
677
677
678
678
678
678
678
678
679
679
678
677
677
677
677
677
678
678
678
678
678
678
678
676
676
674
675
675
676
676
676
676
677
677
678
677
677
677
676
676
677
677
677
677
678
678
679
679
679
678
679
679
680
679
678
678
679
679
680
679
679
679
680
680
681
681
681
681
682
682
682
682
682
681
682
682
681
681
681
681
681
681
682
682
681
681
681
681
682
682
682
682
683
683
684
684
683
682
683
683
684
684
684
684
685
685
686
686
686
685
686
686
687
686
686
686
686
686
687
687
687
687
688
688
689
688
688
688
689
689
690
689
689
689
688
688
689
689
688
688
689
688
689
688
687
687
688
687
687
685
685
685
686
686
687
687
687
687
687
687
687
687
687
687
688
688
689
689
689
689
690
690
691
691
691
691
692
692
693
693
692
692
693
692
692
692
692
692
693
693
694
694
692
692
693
692
693
693
693
691
691
690
691
691
691
691
692
692
693
692
692
692
693
693
694
693
693
693
694
694
695
695
695
695
696
696
697
697
697
697
698
698
698
698
698
697
697
697
698
697
697
697
698
698
699
698
698
698
699
699
700
700
699
699
700
700
701
701
700
700
701
701
701
701
701
701
702
702
703
703
703
703
704
704
704
704
704
704
705
705
706
706
706
706
706
706
707
706
705
705
706
706
707
707
707
706
707
707
708
708
708
708
706
705
706
705
705
705
705
705
706
706
706
706
707
705
706
706
706
706
707
707
708
708
707
707
708
707
708
708
708
708
709
709
709
709
709
708
709
709
710
710
709
709
710
710
711
711
711
708
709
709
709
709
709
708
709
709
710
710
710
710
711
710
711
710
710
709
710
710
711
710
710
710
709
709
710
710
710
709
710
710
711
711
711
710
710
710
711
711
710
710
711
711
712
711
710
711
711
711
711
710
710
711
710
710
710
710
710
710
711
710
710
710
710
710
710
709
709
709
709
709
710
710
711
711
711
712
713
713
714
714
714
713
714
714
715
714
714
714
715
715
716
716
716
717
717
717
718
718
717
718
719
719
720
718
717
718
718
718
719
719
719
720
721
720
721
721
721
722
723
723
724
724
724
725
726
726
727
727
727
726
726
726
727
727
727
728
729
729
730
730
729
730
730
730
731
731
730
731
731
731
731
730
730
731
732
732
732
732
731
732
733
733
734
733
733
734
735
735
736
736
735
736
737
737
738
738
738
738
738
738
739
738
738
739
740
740
741
741
741
742
742
742
742
742
742
743
744
743
744
744
744
745
746
746
746
746
746
747
747
746
747
746
744
745
746
746
747
747
746
746
747
747
748
748
747
748
749
749
749
747
746
747
747
747
747
747
746
747
748
747
748
747
747
748
749
748
749
749
748
749
749
749
750
748
748
749
749
749
750
749
749
749
750
749
749
749
748
748
749
749
749
748
748
748
749
749
748
748
748
748
748
748
748
747
746
747
747
747
747
747
747
748
749
749
749
748
748
749
750
749
748
748
748
747
748
748
747
746
746
747
748
748
746
746
744
745
746
746
745
745
744
745
745
745
745
745
745
746
747
747
747
746
746
746
747
747
747
747
747
748
748
748
747
747
747
748
749
749
749
748
748
748
749
749
749
749
748
749
750
750
750
750
749
749
750
750
750
750
749
750
751
750
750
750
750
751
752
752
752
752
752
753
753
753
752
752
752
753
752
751
749
749
747
748
749
749
749
749
749
750
751
751
751
751
749
750
750
750
750
750
750
750
751
751
750
750
750
751
751
751
751
751
